1566200
1324350
2494350
853200
301120
798290
2751350
2185930
2128140
2703280
1733170
2194530
3498650
381210
2599270
3316350
3604780
3011030
3706160
218640
327740
1268750
3327170
233270
1638300
2101960
743890
698670
1544020
2147380
200260
2290180
2703850
517630
352400
1771300
1394960
298110
9900
838350
1858630
1353230
1900250
1105510
1786790
1078350
222420
589530
1539140
1724320
3170640
1151380
1779200
505230
1364290
1306630
1227280
3371770
328080
2738940
756800
751630
500
842180
7670
3099790
541200
317040
973580
448850
2599300
1564540
3386650
429720
524600
3809620
1573750
2382250
497580
1107620
3156770
3564740
587110
2191050
1056640
22330
525480
633080
1128000
1292460
1552350
2390230
1005300
2296990
2508780
206440
251670
285330
1536090
3415230
959000
22000
2058140
40720
418240
1592190
896520
2986450
1141020
835430
3998800
2552420
2507560
2544760
1183260
1618230
1181840
1574270
3887700
2734450
925550
3651720
